# fitting settings for  NAC_dc1150-00000.tif 
centering.centerX =  1037.2093448273822 
centering.centerY =  1019.6491470494866 
centering.detectorDistance =  1150 
centering.detectorTilt =  -0.16 
centering.tiltPlaneRotation =  90 
centering.energy =  20000 
