# fitting settings for  NAC_dc700-00000.tif 
centering.centerX =  1034.3642192794337 
centering.centerY =  1020.1968486743809 
centering.detectorDistance =  700 
centering.detectorTilt =  -0.16 
centering.tiltPlaneRotation =  90 
centering.energy =  20000 
