# fitting settings for  NAC_dc800-00000.tif 
centering.centerX =  1035.2322383707665 
centering.centerY =  1020.1053194763291 
centering.detectorDistance =  800 
centering.detectorTilt =  -0.16 
centering.tiltPlaneRotation =  90 
centering.energy =  20000 
