# fitting settings for  17_NAC_dc600-00000.tif 
centering.centerX =  1033.7659057811793 
centering.centerY =  1020.071344720391 
centering.detectorDistance =  600 
centering.detectorTilt =  -0.16 
centering.tiltPlaneRotation =  90 
centering.energy =  20000 
